[CHEM1D_DATAFILE_VERSION]
 4

[NUMBER_OF_GRIDPOINTS]
         300
[FILECONTENT]
 Temp (K), Cp (J/gr), Conductivity (W/cm.K), Viscosity (gr/cm.s), check this !!!                     
[NUMBER_OF_SPECIES]
           4
[NUMBER_OF_VARIABLES]
           4

[TIME]
0.000000000000000E+00
[INLET]
Phi =  1.00, Tinlet =  300.00 K, Pinlet =  101325.00 Pa.
[COMMENT]
Adiabatic flame, Stationary solution, Mixture averaged diffusion, Detailed chemistry,  No radiation model.
 No heat exchanger model.
[USER_COMMENT]
-                                                      

[FILE_STRUCTURE_COLUMNS_CONTAINING]
 i x(i) Temp             Cp               Lambda           Eta             
   1 -.50000000000000E+000 0.30000000000000E+003 0.10773267694391E+001 0.26982168429346E-003 0.17985113251869E-003
   2 -.44482031913205E+000 0.29999999999980E+003 0.10773267694403E+001 0.26982168429766E-003 0.17985113251833E-003
   3 -.38965482313239E+000 0.29999999999691E+003 0.10773267694578E+001 0.26982168436227E-003 0.17985113251273E-003
   4 -.33453521409588E+000 0.29999999995550E+003 0.10773267697103E+001 0.26982168528676E-003 0.17985113243336E-003
   5 -.27955708690613E+000 0.29999999936957E+003 0.10773267733209E+001 0.26982169825027E-003 0.17985113135914E-003
   6 -.22504488127243E+000 0.29999999147656E+003 0.10773268238744E+001 0.26982186848947E-003 0.17985111864649E-003
   7 -.17200429475797E+000 0.29999989956076E+003 0.10773274843428E+001 0.26982373655632E-003 0.17985100605457E-003
   8 -.12281366216946E+000 0.29999912165795E+003 0.10773346212309E+001 0.26983799494560E-003 0.17985036824083E-003
   9 -.81276398444332E-001 0.29999516337686E+003 0.10773864964283E+001 0.26990627777602E-003 0.17985021008079E-003
  10 -.50852275133603E-001 0.30000428925687E+003 0.10775919860000E+001 0.27016361017375E-003 0.17989611174936E-003
  11 -.32041460032013E-001 0.30050379091904E+003 0.10780609117903E+001 0.27097434486552E-003 0.18020209414392E-003
  12 -.22015401266016E-001 0.30289755328677E+003 0.10789063731168E+001 0.27285243996975E-003 0.18113004627957E-003
  13 -.16955425347724E-001 0.30687724445303E+003 0.10800101628058E+001 0.27584137139873E-003 0.18276554368484E-003
  14 -.14151201452324E-001 0.31104270103724E+003 0.10811135520949E+001 0.27924997491646E-003 0.18469855018881E-003
  15 -.12292495924096E-001 0.31506143596918E+003 0.10821748482584E+001 0.28255464145562E-003 0.18659214547682E-003
  16 -.10870326420547E-001 0.31904939432935E+003 0.10832360537761E+001 0.28574844925585E-003 0.18842567453287E-003
  17 -.96899850211620E-002 0.32310171824828E+003 0.10843265311144E+001 0.28893631804977E-003 0.19025373845388E-003
  18 -.86652005003587E-002 0.32726404278692E+003 0.10854610238823E+001 0.29217869788613E-003 0.19210837753650E-003
  19 -.77509083463604E-002 0.33155627826293E+003 0.10866469212543E+001 0.29550278353817E-003 0.19400338684810E-003
  20 -.69203366938048E-002 0.33598620033785E+003 0.10878880858443E+001 0.29892037673675E-003 0.19594407633175E-003
  21 -.61559286060224E-002 0.34055635632723E+003 0.10891867801586E+001 0.30243630062590E-003 0.19793195093151E-003
  22 -.54453472823911E-002 0.34526707586269E+003 0.10905445219853E+001 0.30605229204480E-003 0.19996687988778E-003
  23 -.47795076598251E-002 0.35011767392323E+003 0.10919624378189E+001 0.30976867516794E-003 0.20204802172949E-003
  24 -.41514889080853E-002 0.35510696251774E+003 0.10934414192482E+001 0.31358506150369E-003 0.20417420471349E-003
  25 -.35558803563575E-002 0.36023348720148E+003 0.10949821981669E+001 0.31750067704584E-003 0.20634410103782E-003
  26 -.29883608767223E-002 0.36549566793809E+003 0.10965853925991E+001 0.32151454739886E-003 0.20855632364904E-003
  27 -.24454129628669E-002 0.37089193129319E+003 0.10982515498496E+001 0.32562563590119E-003 0.21080949775427E-003
  28 -.19241206420060E-002 0.37642086036641E+003 0.10999811963782E+001 0.32983313236269E-003 0.21310241378042E-003
  29 -.14219862764045E-002 0.38208178753099E+003 0.11017750311872E+001 0.33413789520476E-003 0.21543479850517E-003
  30 -.93654417209669E-003 0.38787850838240E+003 0.11036351402764E+001 0.33854732626073E-003 0.21780990055696E-003
  31 -.46440537216040E-003 0.39383182475498E+003 0.11055691839129E+001 0.34308438363770E-003 0.22023918975097E-003
  32 0.00000000000000E+000 0.40000000000000E+003 0.11075974949552E+001 0.34764162238358E-003 0.22266478253377E-003
  33 0.43530902506362E-003 0.40607045394232E+003 0.11096171498082E+001 0.35235729439711E-003 0.22515959775931E-003
  34 0.86594926388994E-003 0.41235710541764E+003 0.11117324301954E+001 0.35709108857333E-003 0.22764877701597E-003
  35 0.12887836817591E-002 0.41880773228044E+003 0.11139270530511E+001 0.36195315403748E-003 0.23018995213851E-003
  36 0.17025528448295E-002 0.42539167980681E+003 0.11161913495514E+001 0.36691797204118E-003 0.23276899357714E-003
  37 0.21072316241116E-002 0.43209523294685E+003 0.11185210611456E+001 0.37197146587950E-003 0.23537800742802E-003
  38 0.25032911674021E-002 0.43891280445146E+003 0.11209145473960E+001 0.37710711509619E-003 0.23801316501501E-003
  39 0.28913043952307E-002 0.44584144734099E+003 0.11233709794763E+001 0.38232176565884E-003 0.24067244935507E-003
  40 0.32718175959602E-002 0.45287882032247E+003 0.11258896559585E+001 0.38761329494567E-003 0.24335441953428E-003
  41 0.36453236120871E-002 0.46002262347423E+003 0.11284698092761E+001 0.39297977853177E-003 0.24605777455424E-003
  42 0.40122620129236E-002 0.46727046733469E+003 0.11311105595080E+001 0.39841928801155E-003 0.24878124821147E-003
  43 0.43730275962810E-002 0.47461991105068E+003 0.11338109282680E+001 0.40392985983743E-003 0.25152359268411E-003
  44 0.47279780520432E-002 0.48206851138961E+003 0.11365698576048E+001 0.40950950808245E-003 0.25428358438333E-003
  45 0.50774378941123E-002 0.48961381575207E+003 0.11393862089886E+001 0.41515631096160E-003 0.25706006565122E-003
  46 0.54217102682106E-002 0.49725354451663E+003 0.11422588337833E+001 0.42086853883599E-003 0.25985200508027E-003
  47 0.57610944271322E-002 0.50498594447967E+003 0.11451867116999E+001 0.42664465887378E-003 0.26265849610455E-003
  48 0.60958783994781E-002 0.51280961446683E+003 0.11481688924552E+001 0.43248316593939E-003 0.26547867213181E-003
  49 0.64263061932211E-002 0.52072268525795E+003 0.11512041857119E+001 0.43838233752512E-003 0.26831158799536E-003
  50 0.67525630963815E-002 0.52872233453208E+003 0.11542909691368E+001 0.44434003888267E-003 0.27115612899011E-003
  51 0.70747941535907E-002 0.53680509566234E+003 0.11574273001127E+001 0.45035374476094E-003 0.27401102553281E-003
  52 0.73931293874090E-002 0.54496740659348E+003 0.11606111268340E+001 0.45642078790984E-003 0.27687497423194E-003
  53 0.77076983892714E-002 0.55320596234242E+003 0.11638404296317E+001 0.46253863035680E-003 0.27974676556470E-003
  54 0.80186365432537E-002 0.56151788848519E+003 0.11671132955459E+001 0.46870501614117E-003 0.28262535206062E-003
  55 0.83260863386357E-002 0.56990079757414E+003 0.11704279477116E+001 0.47491802599275E-003 0.28550986882997E-003
  56 0.86301957108535E-002 0.57835276409734E+003 0.11737827420153E+001 0.48117607650173E-003 0.28839962789113E-003
  57 0.89311155644942E-002 0.58687226874824E+003 0.11771761503288E+001 0.48747785143874E-003 0.29129408167296E-003
  58 0.92289941117392E-002 0.59545804072459E+003 0.11806067015833E+001 0.49382215814641E-003 0.29419275362917E-003
  59 0.95239659387615E-002 0.60410872571533E+003 0.11840728510430E+001 0.50020777416175E-003 0.29709516659747E-003
  60 0.98161446665882E-002 0.61282262900009E+003 0.11875728773858E+001 0.50663340481276E-003 0.30000082329313E-003
  61 0.10105631947684E-001 0.62159793697176E+003 0.11911049714282E+001 0.51309779505629E-003 0.30290925655796E-003
  62 0.10392536676659E-001 0.63043328302518E+003 0.11946674652718E+001 0.51959988989982E-003 0.30582009997939E-003
  63 0.10676981276868E-001 0.63932796125328E+003 0.11982589210036E+001 0.52613889848973E-003 0.30873311383711E-003
  64 0.10959088368983E-001 0.64828152914525E+003 0.12018779717432E+001 0.53271419546443E-003 0.31164813832302E-003
  65 0.11238965954280E-001 0.65729332362546E+003 0.12055231255999E+001 0.53932510303160E-003 0.31456499548699E-003
  66 0.11516702693851E-001 0.66636226852681E+003 0.12091926866527E+001 0.54597066919681E-003 0.31748339226667E-003
  67 0.11792365726379E-001 0.67548675520903E+003 0.12128847059337E+001 0.55264958189603E-003 0.32040288548679E-003
  68 0.12066000803581E-001 0.68466459730942E+003 0.12165969632970E+001 0.55936036268824E-003 0.32332296898154E-003
  69 0.12337652667571E-001 0.69389367970646E+003 0.12203272308736E+001 0.56610178279728E-003 0.32624325431661E-003
  70 0.12607399496272E-001 0.70317314799098E+003 0.12240737537488E+001 0.57287311833090E-003 0.32916357784884E-003
  71 0.12875352330156E-001 0.71250345722017E+003 0.12278352660946E+001 0.57967400783995E-003 0.33208393506769E-003
  72 0.13141608355543E-001 0.72188478043272E+003 0.12316103446882E+001 0.58650407188690E-003 0.33500431490773E-003
  73 0.13406221304044E-001 0.73131591402944E+003 0.12353969677812E+001 0.59336257900899E-003 0.33792455746792E-003
  74 0.13669222942292E-001 0.74079496519219E+003 0.12391927944368E+001 0.60024849368730E-003 0.34084437690521E-003
  75 0.13930658015845E-001 0.75032058651098E+003 0.12429956596892E+001 0.60716091199416E-003 0.34376354747388E-003
  76 0.14190597288167E-001 0.75989248231313E+003 0.12468037711691E+001 0.61409937171712E-003 0.34668203256630E-003
  77 0.14449125938630E-001 0.76951102171889E+003 0.12506155459981E+001 0.62106373891332E-003 0.34959993359542E-003
  78 0.14706321237435E-001 0.77917641819070E+003 0.12544292783367E+001 0.62805392000707E-003 0.35251736731216E-003
  79 0.14962242464913E-001 0.78888832545667E+003 0.12582429777578E+001 0.63506970327510E-003 0.35543439951827E-003
  80 0.15216941974778E-001 0.79864622609402E+003 0.12620545217165E+001 0.64211079198718E-003 0.35835105956366E-003
  81 0.15470478436543E-001 0.80844992971887E+003 0.12658618462144E+001 0.64917693297397E-003 0.36126739399180E-003
  82 0.15722915731742E-001 0.81829953699971E+003 0.12696629236177E+001 0.65626797448428E-003 0.36418349002799E-003
  83 0.15974314202556E-001 0.82819509834735E+003 0.12734556232238E+001 0.66338378691346E-003 0.36709944238961E-003
  84 0.16224726306659E-001 0.83813643005140E+003 0.12772376363014E+001 0.67052415272835E-003 0.37001530818560E-003
  85 0.16474197963652E-001 0.84812315080866E+003 0.12810064872160E+001 0.67768871208515E-003 0.37293108538719E-003
  86 0.16722769692797E-001 0.85815471299949E+003 0.12847595422400E+001 0.68487694596411E-003 0.37584670693345E-003
  87 0.16970474788340E-001 0.86823031564885E+003 0.12884939743546E+001 0.69208818861350E-003 0.37876204672551E-003
  88 0.17217339688753E-001 0.87834890466932E+003 0.12922067621477E+001 0.69932170440968E-003 0.38167695132769E-003
  89 0.17463391566392E-001 0.88850947363748E+003 0.12958947977726E+001 0.70657682570278E-003 0.38459129549444E-003
  90 0.17708667612230E-001 0.89871144941997E+003 0.12995550180279E+001 0.71385308558170E-003 0.38750503469152E-003
  91 0.17953216453607E-001 0.90895476314179E+003 0.13031844136338E+001 0.72115025536317E-003 0.39041821874771E-003
  92 0.18197091238219E-001 0.91923956985656E+003 0.13067799124715E+001 0.72846825970416E-003 0.39333095664587E-003
  93 0.18440342375359E-001 0.92956594093402E+003 0.13103382596564E+001 0.73580716027742E-003 0.39624340907189E-003
  94 0.18683023304442E-001 0.93993410251053E+003 0.13138560899744E+001 0.74316747694599E-003 0.39915591439997E-003
  95 0.18925218812795E-001 0.95034565547710E+003 0.13173303166060E+001 0.75055063647947E-003 0.40206916292945E-003
  96 0.19167068150135E-001 0.96080461249974E+003 0.13207584145814E+001 0.75795898065778E-003 0.40498419551966E-003
  97 0.19408736355541E-001 0.97131620670422E+003 0.13241379472784E+001 0.76539525118228E-003 0.40790219750653E-003
  98 0.19650357049021E-001 0.98188440137284E+003 0.13274657226149E+001 0.77286184988298E-003 0.41082420791658E-003
  99 0.19892013278108E-001 0.99251099466468E+003 0.13307375327476E+001 0.78036035821999E-003 0.41375093402106E-003
 100 0.20133766237777E-001 0.10031966828399E+004 0.13338986415871E+001 0.78789200316510E-003 0.41668293695684E-003
 101 0.20375702395462E-001 0.10139436993337E+004 0.13369048704464E+001 0.79545868818033E-003 0.41962103366289E-003
 102 0.20617970640180E-001 0.10247565681997E+004 0.13398880094083E+001 0.80306348829192E-003 0.42256648506973E-003
 103 0.20860773480111E-001 0.10356424185043E+004 0.13428494802049E+001 0.81071033888846E-003 0.42552087118494E-003
 104 0.21104307018489E-001 0.10466081498848E+004 0.13457905327271E+001 0.81840326411703E-003 0.42848579088735E-003
 105 0.21348717096109E-001 0.10576584182740E+004 0.13487117206763E+001 0.82614568017232E-003 0.43146259407965E-003
 106 0.21594117753273E-001 0.10687964103225E+004 0.13516131448675E+001 0.83394029302514E-003 0.43445234547989E-003
 107 0.21840629862384E-001 0.10800255621532E+004 0.13544949193092E+001 0.84178963256095E-003 0.43745603234840E-003
 108 0.22088397538018E-001 0.10913502992685E+004 0.13573573519878E+001 0.84969664349310E-003 0.44047479099064E-003
 109 0.22337587438394E-001 0.11027760024200E+004 0.13602009172571E+001 0.85766487546807E-003 0.44350997755233E-003
 110 0.22588384779453E-001 0.11143088165206E+004 0.13630261907565E+001 0.86569839485561E-003 0.44656313217248E-003
 111 0.22840989089210E-001 0.11259554393786E+004 0.13658337838453E+001 0.87380166448719E-003 0.44963593149610E-003
 112 0.23095611496629E-001 0.11377229735528E+004 0.13686242977332E+001 0.88197950037605E-003 0.45273017090646E-003
 113 0.23352477324916E-001 0.11496190176696E+004 0.13713983363971E+001 0.89023712188130E-003 0.45584778221442E-003
 114 0.23611833180817E-001 0.11616519627334E+004 0.13741565638502E+001 0.89858008789950E-003 0.45899080826380E-003
 115 0.23873941875168E-001 0.11738307191737E+004 0.13768996271481E+001 0.90701337614373E-003 0.46216105623733E-003
 116 0.24139019841512E-001 0.11861617577088E+004 0.13796274969897E+001 0.91553852453535E-003 0.46535902942998E-003
 117 0.24407066368996E-001 0.11986410921523E+004 0.13823377919280E+001 0.92414906961143E-003 0.46858223550329E-003
 118 0.24677643665050E-001 0.12112439659267E+004 0.13850238147440E+001 0.93282742943074E-003 0.47182405361354E-003
 119 0.24949852497077E-001 0.12239237122791E+004 0.13876747426726E+001 0.94154678766823E-003 0.47507447593862E-003
 120 0.25222665019879E-001 0.12366273733239E+004 0.13902792459073E+001 0.95027767018240E-003 0.47832258315701E-003
 121 0.25495352758867E-001 0.12493157995022E+004 0.13928296101335E+001 0.95899564261281E-003 0.48155940670938E-003
 122 0.25767628991517E-001 0.12619703676873E+004 0.13953227598134E+001 0.96768556306320E-003 0.48477948275931E-003
 123 0.26039484998491E-001 0.12745853524492E+004 0.13977583844518E+001 0.97633920232825E-003 0.48797993789074E-003
 124 0.26310900310630E-001 0.12871544411801E+004 0.14001361571915E+001 0.98494739427173E-003 0.49115756866895E-003
 125 0.26581514178834E-001 0.12996555927194E+004 0.14024529675763E+001 0.99349161641940E-003 0.49430574434163E-003
 126 0.26850378891955E-001 0.13120399484030E+004 0.14047012236322E+001 0.10019409659859E-002 0.49741332431812E-003
 127 0.27116082525209E-001 0.13242380169319E+004 0.14068704218844E+001 0.10102572129946E-002 0.50046654715532E-003
 128 0.27377298291454E-001 0.13361853602762E+004 0.14089519073542E+001 0.10184046403793E-002 0.50345265167127E-003
 129 0.27633276277472E-001 0.13478451131509E+004 0.14109425239713E+001 0.10263591101710E-002 0.50636317963372E-003
 130 0.27883873826320E-001 0.13592089557642E+004 0.14128442456438E+001 0.10341114961036E-002 0.50919519139819E-003
 131 0.28129297208201E-001 0.13702848979160E+004 0.14146616917770E+001 0.10416642344853E-002 0.51194996395232E-003
 132 0.28369868050944E-001 0.13810864060375E+004 0.14164001331990E+001 0.10490252092180E-002 0.51463073347306E-003
 133 0.28605901283339E-001 0.13916267785358E+004 0.14180645408409E+001 0.10562034509506E-002 0.51724111939451E-003
 134 0.28837666958574E-001 0.14019174082612E+004 0.14196593365178E+001 0.10632074836277E-002 0.51978452365451E-003
 135 0.29065407010035E-001 0.14119685293979E+004 0.14211885462553E+001 0.10700452205171E-002 0.52226409654810E-003
 136 0.29289367494095E-001 0.14217906236495E+004 0.14226560357933E+001 0.10767243536096E-002 0.52468288125292E-003
 137 0.29509808415723E-001 0.14313948033548E+004 0.14240655732531E+001 0.10832525041121E-002 0.52704387066065E-003
 138 0.29726982596307E-001 0.14407918435810E+004 0.14254206928016E+001 0.10896369298537E-002 0.52934990358582E-003
 139 0.29941107051202E-001 0.14499909335077E+004 0.14267245333347E+001 0.10958841219383E-002 0.53160352155458E-003
 140 0.30152356906874E-001 0.14589994438883E+004 0.14279798342858E+001 0.11019996780133E-002 0.53380692601147E-003
 141 0.30360884700491E-001 0.14678237832618E+004 0.14291890803085E+001 0.11079885522268E-002 0.53596207114732E-003
 142 0.30566842777204E-001 0.14764703513077E+004 0.14303546453078E+001 0.11138554289167E-002 0.53807080040309E-003
 143 0.30770389480393E-001 0.14849457774276E+004 0.14314788290198E+001 0.11196048470399E-002 0.54013489248381E-003
 144 0.30971675562519E-001 0.14932563340194E+004 0.14325637835890E+001 0.11252411299194E-002 0.54215603715831E-003
 145 0.31170833272817E-001 0.15014074887116E+004 0.14336114649352E+001 0.11307685012701E-002 0.54413587774819E-003
 146 0.31367998621305E-001 0.15094048222089E+004 0.14346237603002E+001 0.11361912767711E-002 0.54607608028712E-003
 147 0.31563336921075E-001 0.15172550296724E+004 0.14356026149928E+001 0.11415138057587E-002 0.54797831305947E-003
 148 0.31757017131462E-001 0.15249648352160E+004 0.14365498938177E+001 0.11467403350791E-002 0.54984419847618E-003
 149 0.31949176833590E-001 0.15325395968805E+004 0.14374672174633E+001 0.11518748468222E-002 0.55167525574960E-003
 150 0.32139936319326E-001 0.15399839025077E+004 0.14383560488202E+001 0.11569209426193E-002 0.55347286044368E-003
 151 0.32329424967117E-001 0.15473026072713E+004 0.14392178238459E+001 0.11618819720975E-002 0.55523829120577E-003
 152 0.32517776270422E-001 0.15545006168410E+004 0.14400539272340E+001 0.11667611380970E-002 0.55697276794267E-003
 153 0.32705109145061E-001 0.15615821667739E+004 0.14408656128273E+001 0.11715614075107E-002 0.55867742065893E-003
 154 0.32891526023527E-001 0.15685507734525E+004 0.14416540057797E+001 0.11762854333412E-002 0.56035326239863E-003
 155 0.33077125219326E-001 0.15754097160085E+004 0.14424201634762E+001 0.11809356289091E-002 0.56200121625539E-003
 156 0.33262008126740E-001 0.15821623003130E+004 0.14431651080354E+001 0.11855142965894E-002 0.56362216152375E-003
 157 0.33446276764273E-001 0.15888117582965E+004 0.14438898170175E+001 0.11900236663290E-002 0.56521694765340E-003
 158 0.33630029753436E-001 0.15953610984985E+004 0.14445952096557E+001 0.11944658443842E-002 0.56678637638350E-003
 159 0.33813360761290E-001 0.16018130539492E+004 0.14452821443897E+001 0.11988427892593E-002 0.56833119356154E-003
 160 0.33996360511726E-001 0.16081701580829E+004 0.14459514299796E+001 0.12031563788725E-002 0.56985211314620E-003
 161 0.34179123964632E-001 0.16144349917242E+004 0.14466038536141E+001 0.12074085134807E-002 0.57134985364976E-003
 162 0.34361757422428E-001 0.16206104080128E+004 0.14472402050106E+001 0.12116011738274E-002 0.57282515862281E-003
 163 0.34544377179808E-001 0.16266994571575E+004 0.14478612686852E+001 0.12157364118860E-002 0.57427879333189E-003
 164 0.34727102699377E-001 0.16327051358961E+004 0.14484677992170E+001 0.12198162918834E-002 0.57571152397873E-003
 165 0.34910053878783E-001 0.16386302878280E+004 0.14490605130597E+001 0.12238428217616E-002 0.57712409366977E-003
 166 0.35093352642067E-001 0.16444776487458E+004 0.14496400951479E+001 0.12278178968084E-002 0.57851720279497E-003
 167 0.35277121050290E-001 0.16502497791063E+004 0.14502071941238E+001 0.12317432160744E-002 0.57989148001159E-003
 168 0.35461471994835E-001 0.16559487749256E+004 0.14507623963208E+001 0.12356201909094E-002 0.58124745063632E-003
 169 0.35646501902681E-001 0.16615760678524E+004 0.14513062095377E+001 0.12394500380053E-002 0.58258556961829E-003
 170 0.35832308161215E-001 0.16671329815654E+004 0.14518391196355E+001 0.12432341750236E-002 0.58390635983153E-003
 171 0.36019035491016E-001 0.16726220796423E+004 0.14523617195507E+001 0.12469746046255E-002 0.58521054552971E-003
 172 0.36206900021708E-001 0.16780477315052E+004 0.14528747594934E+001 0.12506738491509E-002 0.58649902865012E-003
 173 0.36396141898097E-001 0.16834145916592E+004 0.14533790005768E+001 0.12543344754577E-002 0.58777272270169E-003
 174 0.36586957418782E-001 0.16887256599811E+004 0.14538750355809E+001 0.12579585681250E-002 0.58903236955636E-003
 175 0.36779493620443E-001 0.16939822463067E+004 0.14543632920915E+001 0.12615474983580E-002 0.59027845992610E-003
 176 0.36973890012728E-001 0.16991852060129E+004 0.14548441518362E+001 0.12651021457795E-002 0.59151131146415E-003
 177 0.37170303986075E-001 0.17043356202370E+004 0.14553180149729E+001 0.12686232870519E-002 0.59273120425117E-003
 178 0.37368909373352E-001 0.17094347118924E+004 0.14557852927926E+001 0.12721117975968E-002 0.59393845073826E-003
 179 0.37569894873161E-001 0.17144837626869E+004 0.14562464008834E+001 0.12755686945997E-002 0.59513341033198E-003
 180 0.37773474096080E-001 0.17194843175755E+004 0.14567017787327E+001 0.12789951637552E-002 0.59631649824912E-003
 181 0.37979894963438E-001 0.17244383399457E+004 0.14571519047674E+001 0.12823925348945E-002 0.59748817670195E-003
 182 0.38189431984571E-001 0.17293479379813E+004 0.14575972727284E+001 0.12857621354382E-002 0.59864890407173E-003
 183 0.38402363993382E-001 0.17342147887947E+004 0.14580383412530E+001 0.12891050842883E-002 0.59979906390755E-003
 184 0.38618959734458E-001 0.17390398129945E+004 0.14584755064177E+001 0.12924221591634E-002 0.60093891960855E-003
 185 0.38839484727610E-001 0.17438233575837E+004 0.14589091199873E+001 0.12957138297217E-002 0.60206862631542E-003
 186 0.39064220277862E-001 0.17485656108758E+004 0.14593395282801E+001 0.12989804685166E-002 0.60318830367848E-003
 187 0.39293486310568E-001 0.17532670301749E+004 0.14597671122610E+001 0.13022226595730E-002 0.60429814148193E-003
 188 0.39527670793557E-001 0.17579288188071E+004 0.14601923328603E+001 0.13054414088937E-002 0.60539847092470E-003
 189 0.39767249003895E-001 0.17625531049954E+004 0.14606157505178E+001 0.13086380208830E-002 0.60648972135773E-003
 190 0.40012752073124E-001 0.17671421185417E+004 0.14610379539501E+001 0.13118136784881E-002 0.60757227640530E-003
 191 0.40264698166335E-001 0.17716968209507E+004 0.14614594368834E+001 0.13149692442142E-002 0.60864640624135E-003
 192 0.40523602232494E-001 0.17762171436649E+004 0.14618806200988E+001 0.13181057136102E-002 0.60971242183381E-003
 193 0.40790130944631E-001 0.17807045988220E+004 0.14623020968054E+001 0.13212249004965E-002 0.61077090648139E-003
 194 0.41065235739946E-001 0.17851639693682E+004 0.14627248032567E+001 0.13243296549492E-002 0.61182278731518E-003
 195 0.41350081397848E-001 0.17896013805798E+004 0.14631498547247E+001 0.13274235138871E-002 0.61286921414224E-003
 196 0.41645908110895E-001 0.17940216747078E+004 0.14635783069554E+001 0.13305099761112E-002 0.61391131207938E-003
 197 0.41954029340485E-001 0.17984282271542E+004 0.14640111419429E+001 0.13335919640988E-002 0.61494999932299E-003
 198 0.42275916853177E-001 0.18028239626042E+004 0.14644493708035E+001 0.13366719455058E-002 0.61598602896711E-003
 199 0.42613270106472E-001 0.18072118813304E+004 0.14648940941262E+001 0.13397522932988E-002 0.61702011088222E-003
 200 0.42968064231815E-001 0.18115951057352E+004 0.14653465174405E+001 0.13428355597888E-002 0.61805300370335E-003
 201 0.43342628964489E-001 0.18159771553546E+004 0.14658079914129E+001 0.13459248441235E-002 0.61908563727621E-003
 202 0.43739814819986E-001 0.18203629347974E+004 0.14662801326481E+001 0.13490243062451E-002 0.62011928301532E-003
 203 0.44163230011830E-001 0.18247599023484E+004 0.14667649790421E+001 0.13521397238103E-002 0.62115573749420E-003
 204 0.44617498540994E-001 0.18291786837944E+004 0.14672651022071E+001 0.13552787509237E-002 0.62219740676089E-003
 205 0.45108493922487E-001 0.18336327280284E+004 0.14677836189800E+001 0.13584509594630E-002 0.62324732139761E-003
 206 0.45643635642851E-001 0.18381379647831E+004 0.14683241893963E+001 0.13616688873684E-002 0.62430949016495E-003
 207 0.46232758331302E-001 0.18427161905394E+004 0.14688914514769E+001 0.13649507778134E-002 0.62538981730455E-003
 208 0.46890015549250E-001 0.18474031094044E+004 0.14694920943171E+001 0.13683240073915E-002 0.62649726003847E-003
 209 0.47636466973057E-001 0.18522550028640E+004 0.14701358631090E+001 0.13718278435162E-002 0.62764481123968E-003
 210 0.48502911491047E-001 0.18573500879627E+004 0.14708357872442E+001 0.13755148402022E-002 0.62885015826379E-003
 211 0.49533599406953E-001 0.18627893313318E+004 0.14716078172749E+001 0.13794506615489E-002 0.63013610934941E-003
 212 0.50791679604412E-001 0.18687014649388E+004 0.14724699002209E+001 0.13837115157693E-002 0.63153080968361E-003
 213 0.52365221442101E-001 0.18752481086463E+004 0.14734390849243E+001 0.13883766339273E-002 0.63306727271745E-003
 214 0.54369425733594E-001 0.18826190393195E+004 0.14745251240816E+001 0.13935125602768E-002 0.63478115174352E-003
 215 0.56939099330175E-001 0.18910057192695E+004 0.14757231343748E+001 0.13991480624126E-002 0.63670498329213E-003
 216 0.60209576276051E-001 0.19005406897911E+004 0.14770138937610E+001 0.14052452475804E-002 0.63885778208231E-003
 217 0.64294301386132E-001 0.19112198851359E+004 0.14783764263866E+001 0.14116852765165E-002 0.64123396173668E-003
 218 0.69272922330509E-001 0.19228784687050E+004 0.14798006625206E+001 0.14182892382844E-002 0.64380026584995E-003
 219 0.75193773008912E-001 0.19352529004607E+004 0.14812849885960E+001 0.14248700035314E-002 0.64650444144674E-003
 220 0.82080566630122E-001 0.19480634984631E+004 0.14828237437965E+001 0.14312826465331E-002 0.64928922522767E-003
 221 0.89935693585999E-001 0.19610590730301E+004 0.14843998093665E+001 0.14374445366346E-002 0.65210259240889E-003
 222 0.98743810502386E-001 0.19740297852038E+004 0.14859872296007E+001 0.14433252844610E-002 0.65490163911426E-003
 223 0.10848019875197E+000 0.19868099836238E+004 0.14875585767632E+001 0.14489249639050E-002 0.65765281264266E-003
 224 0.11912087631223E+000 0.19992770764065E+004 0.14890908397695E+001 0.14542554749023E-002 0.66033103411638E-003
 225 0.13064843921597E+000 0.20113453039846E+004 0.14905675736420E+001 0.14593298314301E-002 0.66291848255471E-003
 226 0.14305205165319E+000 0.20229567316031E+004 0.14919783686955E+001 0.14641581117400E-002 0.66540318693132E-003
 227 0.15632487699443E+000 0.20340737667526E+004 0.14933174518906E+001 0.14687472619091E-002 0.66777767441308E-003
 228 0.17046214431791E+000 0.20446745848755E+004 0.14945824019927E+001 0.14731023877692E-002 0.67003786993565E-003
 229 0.18545972900969E+000 0.20547497538267E+004 0.14957731117324E+001 0.14772280777437E-002 0.67218223489760E-003
 230 0.20131161955450E+000 0.20642986441732E+004 0.14968909180837E+001 0.14811291086580E-002 0.67421102236133E-003
 231 0.21800573665781E+000 0.20733258929789E+004 0.14979379194817E+001 0.14848106115851E-002 0.67612564615041E-003
 232 0.23551953602840E+000 0.20818390481927E+004 0.14989165623283E+001 0.14882782183053E-002 0.67792832395239E-003
 233 0.25381908643624E+000 0.20898485113777E+004 0.14998295651745E+001 0.14915384917194E-002 0.67962205759746E-003
 234 0.27286454934003E+000 0.20973693996475E+004 0.15006800828403E+001 0.14945993864121E-002 0.68121075267054E-003
 235 0.29261854565936E+000 0.21044227493889E+004 0.15014717973608E+001 0.14974703552592E-002 0.68269922240663E-003
 236 0.31304991927575E+000 0.21110340914449E+004 0.15022087294248E+001 0.15001620176424E-002 0.68409298434149E-003
 237 0.33413141121550E+000 0.21172306168340E+004 0.15028949208032E+001 0.15026855571115E-002 0.68539791517625E-003
 238 0.35583658338770E+000 0.21230392331258E+004 0.15035342336505E+001 0.15050521258109E-002 0.68661991270644E-003
 239 0.37813937424931E+000 0.21284859539937E+004 0.15041302996365E+001 0.15072724736714E-002 0.68776468563152E-003
 240 0.40101479541864E+000 0.21335957262636E+004 0.15046865155222E+001 0.15093568011475E-002 0.68883766777238E-003
 241 0.42443889914290E+000 0.21383921893905E+004 0.15052060315604E+001 0.15113147100592E-002 0.68984398570706E-003
 242 0.44838831839630E+000 0.21428974875829E+004 0.15056917457114E+001 0.15131551801538E-002 0.69078844094249E-003
 243 0.47284032574663E+000 0.21471322635902E+004 0.15061463155398E+001 0.15148865543439E-002 0.69167549916644E-003
 244 0.49777301024882E+000 0.21511156934748E+004 0.15065721722830E+001 0.15165165278616E-002 0.69250928359881E-003
 245 0.52316440960303E+000 0.21548654159348E+004 0.15069715234792E+001 0.15180521564397E-002 0.69329357777012E-003
 246 0.54899112508369E+000 0.21583974952066E+004 0.15073463595972E+001 0.15194998981123E-002 0.69403184477684E-003
 247 0.57522835422140E+000 0.21617266099413E+004 0.15076984826633E+001 0.15208656741477E-002 0.69472725778495E-003
 248 0.60185129304218E+000 0.21648663374683E+004 0.15080295418605E+001 0.15221549317136E-002 0.69538273356896E-003
 249 0.62883585654585E+000 0.21678292908812E+004 0.15083410525424E+001 0.15233727025991E-002 0.69600096408514E-003
 250 0.65615828436423E+000 0.21706271404139E+004 0.15086344034283E+001 0.15245236509159E-002 0.69658444134671E-003
 251 0.68379517204695E+000 0.21732706859372E+004 0.15089108683076E+001 0.15256120992337E-002 0.69713547152422E-003
 252 0.71172396967226E+000 0.21757699504228E+004 0.15091716185494E+001 0.15266420395464E-002 0.69765618201760E-003
 253 0.73992239557518E+000 0.21781341840173E+004 0.15094177265048E+001 0.15276171526255E-002 0.69814853214912E-003
 254 0.76836739500225E+000 0.21803718665242E+004 0.15096501692147E+001 0.15285408361141E-002 0.69861432756466E-003
 255 0.79703546702774E+000 0.21824908116004E+004 0.15098698415402E+001 0.15294162259291E-002 0.69905523190838E-003
 256 0.82590342527818E+000 0.21844982691914E+004 0.15100775680714E+001 0.15302462171738E-002 0.69947277888645E-003
 257 0.85494806550230E+000 0.21864009474453E+004 0.15102741069181E+001 0.15310334871059E-002 0.69986838491574E-003
 258 0.88414551819795E+000 0.21882050261273E+004 0.15104601527254E+001 0.15317805090086E-002 0.70024335666784E-003
 259 0.91347098653935E+000 0.21899161974152E+004 0.15106363422560E+001 0.15324895648447E-002 0.70059889786383E-003
 260 0.94289862950109E+000 0.21915397155002E+004 0.15108032608676E+001 0.15331627700916E-002 0.70093612207394E-003
 261 0.97240210686076E+000 0.21930804711415E+004 0.15109614512476E+001 0.15338021022087E-002 0.70125606750975E-003
 262 0.10019558795353E+001 0.21945430768820E+004 0.15111114225414E+001 0.15344094205557E-002 0.70155970795640E-003
 263 0.10315358893024E+001 0.21959319030411E+004 0.15112536542666E+001 0.15349864790753E-002 0.70184796008396E-003
 264 0.10611191773292E+001 0.21972510674985E+004 0.15113885957489E+001 0.15355349311538E-002 0.70212168647481E-003
 265 0.10906832909461E+001 0.21985044248293E+004 0.15115166655265E+001 0.15360563256308E-002 0.70238169392533E-003
 266 0.11202054989258E+001 0.21996955598609E+004 0.15116382514273E+001 0.15365521086135E-002 0.70262873424124E-003
 267 0.11496622681891E+001 0.22008278047898E+004 0.15117537134084E+001 0.15370236435541E-002 0.70286351389208E-003
 268 0.11790309739468E+001 0.22019043241700E+004 0.15118633926729E+001 0.15374722352556E-002 0.70308670636101E-003
 269 0.12082931298454E+001 0.22029282093522E+004 0.15119676205152E+001 0.15378991360682E-002 0.70329895670236E-003
 270 0.12374346367640E+001 0.22039024554656E+004 0.15120667153120E+001 0.15383055345592E-002 0.70350087706312E-003
 271 0.12664417960445E+001 0.22048298405776E+004 0.15121609709702E+001 0.15386925415638E-002 0.70369303933698E-003
 272 0.12952978645352E+001 0.22057128673248E+004 0.15122506524627E+001 0.15390611897942E-002 0.70387597380855E-003
 273 0.13239845758658E+001 0.22065538468945E+004 0.15123360049258E+001 0.15394124499043E-002 0.70405017706162E-003
 274 0.13524868458235E+001 0.22073550254660E+004 0.15124172656136E+001 0.15397472416493E-002 0.70421611889097E-003
 275 0.13807937637324E+001 0.22081185874832E+004 0.15124946634670E+001 0.15400664307046E-002 0.70437424174085E-003
 276 0.14088937351453E+001 0.22088465439345E+004 0.15125684086687E+001 0.15403708297079E-002 0.70452496057353E-003
 277 0.14367719601993E+001 0.22095407100324E+004 0.15126386915677E+001 0.15406612065309E-002 0.70466866605981E-003
 278 0.14644148923474E+001 0.22102028228364E+004 0.15127056942800E+001 0.15409382887999E-002 0.70480572725559E-003
 279 0.14918135813377E+001 0.22108346031830E+004 0.15127695963067E+001 0.15412027738529E-002 0.70493649737351E-003
 280 0.15189617942586E+001 0.22114377112372E+004 0.15128305703224E+001 0.15414553424117E-002 0.70506132065622E-003
 281 0.15458555622961E+001 0.22120137378819E+004 0.15128887814141E+001 0.15416966521027E-002 0.70518052922192E-003
 282 0.15724939772966E+001 0.22125642150833E+004 0.15129443878316E+001 0.15419273227286E-002 0.70529443603930E-003
 283 0.15988764524717E+001 0.22130905696059E+004 0.15129975366599E+001 0.15421479391520E-002 0.70540333621021E-003
 284 0.16250015775220E+001 0.22135941163321E+004 0.15130483634686E+001 0.15423590520528E-002 0.70550750717799E-003
 285 0.16508690717728E+001 0.22140760991373E+004 0.15130969962356E+001 0.15425611734932E-002 0.70560720672211E-003
 286 0.16764792801884E+001 0.22145376885759E+004 0.15131435552446E+001 0.15427547853840E-002 0.70570267708946E-003
 287 0.17018322980746E+001 0.22149799802962E+004 0.15131881533273E+001 0.15429403530780E-002 0.70579415140480E-003
 288 0.17269310029666E+001 0.22154040497238E+004 0.15132309013066E+001 0.15431183376888E-002 0.70588185996422E-003
 289 0.17517858024673E+001 0.22158110130168E+004 0.15132719134574E+001 0.15432891976221E-002 0.70596603175820E-003
 290 0.17764139142236E+001 0.22162019995695E+004 0.15133113042495E+001 0.15434533890140E-002 0.70604689543080E-003
 291 0.18008365125828E+001 0.22165780982698E+004 0.15133491821938E+001 0.15436113594160E-002 0.70612467764013E-003
 292 0.18250806437951E+001 0.22169403516038E+004 0.15133856465576E+001 0.15437634981304E-002 0.70619958256002E-003
 293 0.18491736249548E+001 0.22172896179286E+004 0.15134207689732E+001 0.15439100074747E-002 0.70627173449720E-003
 294 0.18731063509966E+001 0.22176260641729E+004 0.15134545391352E+001 0.15440506768401E-002 0.70634106954406E-003
 295 0.18967534488990E+001 0.22179483208846E+004 0.15134867844619E+001 0.15441846835630E-002 0.70640722842525E-003
 296 0.19197906867603E+001 0.22182529723365E+004 0.15135171373114E+001 0.15443107459112E-002 0.70646960880893E-003
 297 0.19417425481721E+001 0.22185357231107E+004 0.15135451729543E+001 0.15444278238998E-002 0.70652769347104E-003
 298 0.19622718070819E+001 0.22187947798265E+004 0.15135707418553E+001 0.15445359508220E-002 0.70658147161407E-003
 299 0.19815033585181E+001 0.22190339332396E+004 0.15135942493950E+001 0.15446366408043E-002 0.70663166434142E-003
 300 0.20000000000000E+001 0.22192619182832E+004 0.15136165883414E+001 0.15446858923473E-002 0.70665624280315E-003
